01.01 +11
02.01 -7
03.01 -11
04.01 +5
05.01 -12
06.01 +23
07.01 +22
08.01 +17
09.01 +25
10.01 -1
11.01 -13
12.01 -14
13.01 -11
14.01 -8
15.01 -6
16.01 -12
17.01 -1
18.01 -9
19.01 -11
20.01 +15
21.01 +12
22.01 -12
23.01 +4
24.01 +9
25.01 -2
26.01 -9
27.01 -14
28.01 -15
29.01 -9
30.01 +2
31.01 -7
01.02 -10
02.02 +4
03.02 -1
04.02 -15
05.02 +11
06.02 +12
07.02 +19
08.02 +24
09.02 +23
10.02 -15
11.02 -5
12.02 +15
13.02 -10
14.02 -15
15.02 +11
16.02 -10
17.02 -5
18.02 -3
19.02 -15
20.02 -8
21.02 -3
22.02 -7
23.02 -12
24.02 +6
25.02 -10
26.02 -4
27.02 -8
28.02 -7
29.02 -13
30.02 -14
01.03 -1
02.03 +5
03.03 +12
04.03 -2
05.03 -22
06.03 +19
07.03 +19
08.03 +22
09.03 +22
10.03 +10
11.03 -10
12.03 -15
13.03 -15
14.03 +8
15.03 -8
16.03 -8
17.03 -5
18.03 -2
19.03 -3
20.03 -15
21.03 +5
22.03 -14
23.03 -10
24.03 -15
25.03 -11
26.03 -1
27.03 -4
28.03 +9
29.03 -14
30.03 -15
01.04 -1
02.04 -8
03.04 -4
04.04 +7
05.04 +11
06.04 +18
07.04 +22
08.04 -16
09.04 +17
10.04 +10
11.04 +5
12.04 -6
13.04 -1
14.04 -7
15.04 -5
16.04 -7
17.04 -3
18.04 -4
19.04 -6
20.04 -7
21.04 -8
22.04 +9
23.04 -8
24.04 -8
25.04 -4
26.04 -7
27.04 -6
28.04 +5
29.04 -4
30.04 -11
31.04 -8
01.05 -6
02.05 +5
03.05 +7
04.05 +11
05.05 +21
06.05 +13
07.05 +16
08.05 +19
09.05 +18
10.05 -11
11.05 -14
12.05 -10
13.05 +6
14.05 -8
15.05 -2
16.05 -4
17.05 +11
18.05 -3
19.05 +4
20.05 -2
21.05 +8
22.05 -11
23.05 -2
24.05 -13
25.05 +10
26.05 -3
27.05 -13
28.05 -4
29.05 -6
30.05 -8
31.05 -6
01.06 +11
02.06 -6
03.06 -11
04.06 -11
05.06 +23
06.06 +23
07.06 +16
08.06 +15
09.06 +25
10.06 -9
11.06 +9
12.06 -11
13.06 -3
14.06 -2
15.06 -13
16.06 -12
17.06 -4
18.06 -15
19.06 -12
20.06 -3
21.06 -14
22.06 -6
23.06 -15
24.06 -12
25.06 -1
26.06 -9
27.06 -12
28.06 -5
29.06 +9
30.06 -10
01.07 -3
02.07 -10
03.07 -6
04.07 -12
05.07 +15
06.07 -15
07.07 -14
08.07 +18
09.07 +20
10.07 -8
11.07 -9
12.07 -5
13.07 -10
14.07 -13
15.07 -1
16.07 -8
17.07 +1
18.07 -11
19.07 -11
20.07 -10
21.07 -15
22.07 +11
23.07 -3
24.07 -9
25.07 -12
26.07 -14
27.07 -2
28.07 -15
29.07 -5
30.07 -2
01.08 -7
02.08 -14
03.08 -6
04.08 -7
05.08 +11
06.08 +14
07.08 +17
08.08 +20
09.08 +23
10.08 -10
11.08 -5
12.08 -9
13.08 -5
14.08 +10
15.08 -1
16.08 -10
17.08 -1
18.08 -9
19.08 -13
20.08 +12
21.08 -2
22.08 -11
23.08 -10
24.08 -10
25.08 -6
26.08 +7
27.08 -8
28.08 -7
29.08 +15
30.08 -5
31.08 -6
01.09 -15
02.09 -1
03.09 -3
04.09 -5
05.09 +25
06.09 +19
07.09 -10
08.09 +24
09.09 +19
10.09 -1
11.09 -3
12.09 -2
13.09 -9
14.09 +11
15.09 -8
16.09 -4
17.09 -7
18.09 -12
19.09 -9
20.09 -7
21.09 -2
22.09 +7
23.09 +14
24.09 -7
25.09 +1
26.09 -11
27.09 -6
28.09 -15
29.09 -15
30.09 -14
31.09 -9
01.10 -7
02.10 -15
03.10 -13
04.10 -6
05.10 +14
06.10 +20
07.10 +14
08.10 +14
09.10 +12
10.10 -12
11.10 -1
12.10 +14
13.10 -3
14.10 -8
15.10 -5
16.10 -2
17.10 +3
18.10 -1
19.10 -14
20.10 -9
21.10 -11
22.10 -7
23.10 -11
24.10 +11
25.10 -12
26.10 -11
27.10 +12
28.10 -8
29.10 -8
30.10 -8
31.10 -11
01.11 +13
02.11 -13
03.11 -13
04.11 -13
05.11 -17
06.11 +25
07.11 +23
08.11 +15
09.11 +14
10.11 -7
11.11 -15
12.11 -2
13.11 -10
14.11 +8
15.11 +3
16.11 -14
17.11 -13
18.11 -10
19.11 +13
20.11 -14
21.11 +14
22.11 -4
23.11 -13
24.11 +11
25.11 -3
26.11 -3
27.11 -4
28.11 -1
29.11 -9
30.11 -9
31.11 +11
01.12 +5
02.12 +13
03.12 -10
04.12 -7
05.12 +18
06.12 +20
07.12 +19
08.12 +25
09.12 +20
10.12 -5
11.12 -2
12.12 -10
13.12 +13
14.12 -8
15.12 -2
16.12 -15
17.12 -15
18.12 -15
19.12 -1
20.12 -1
21.12 -12
22.12 -10
23.12 -9
24.12 -7
25.12 -9
26.12 -13
27.12 -7
28.12 -12
29.12 -6
30.12 +15
31.12 -4